0
9
snowie1.ss snowie2.ss snowie3.ss snowie4.ss snowie5.ss snowie6.ss snowie7.ss snowie8.ss snowie9.ss
0.00714285714	0.95	0.00714285714	0.00714285714	0.00714285714	0.00714285714	0.00714285714	0.00714285714	0.041
0.8	0	0.1	0	0	0.1	0	0	0.041
0.00714285714	0.00714285714	0.00714285714	0.95	0.00714285714	0.00714285714	0.00714285714	0.00714285714	0.041
0.1	0	0.8	0	0.1	0	0	0	0.041
0.00714285714	0.00714285714	0.00714285714	0.00714285714	0.00714285714	0.95	0.00714285714	0.00714285714	0.041
0.1	0	0	0	0.8	0	0.1	0	0.041
0.00714285714	0.00714285714	0.00714285714	0.00714285714	0.00714285714	0.00714285714	0.00714285714	0.95	0.041
0.1	0	0	0	0.1	0	0.8	0	0.041
0.1041666666667	0.1041666666667	0.1041666666667	0.1041666666667	0.1041666666667	0.1041666666667	0.1041666666667	0.1041666666667	0.1666666666666